Decade	deldel	Year	Month	mothy	NbDays
01/01/1990	0	1990	1	30	10
11/01/1990	0	1990	1	47	10
21/01/1990	4	1990	1	29	11
01/02/1990	40	1990	2	47	10
11/02/1990	1	1990	2	44	10
21/02/1990	0	1990	2	27	8
01/03/1990	0	1990	3	18	10
11/03/1990	1	1990	3	14	10
21/03/1990	0	1990	3	14	11
01/04/1990	0	1990	4	19	10
11/04/1990	0	1990	4	24	10
21/04/1990	0	1990	4	6	10
01/05/1990	0	1990	5	4	10
11/05/1990	0	1990	5	6	10
21/05/1990	0	1990	5	12	11
01/06/1990	0	1990	6	20	10
11/06/1990	0	1990	6	17	10
21/06/1990	0	1990	6	24	10
01/07/1990	0	1990	7	17	10
11/07/1990	0	1990	7	3	10
21/07/1990	2	1990	7	3	11
01/08/1990	1	1990	8	14	10
11/08/1990	2	1990	8	14	10
21/08/1990	0	1990	8	12	11
01/09/1990	2	1990	9	9	10
11/09/1990	0	1990	9	10	10
21/09/1990	0	1990	9	17	10
01/10/1990	0	1990	10	16	10
11/10/1990	0	1990	10	32	10
21/10/1990	0	1990	10	32	11
01/11/1990	0	1990	11	23	10
11/11/1990	0	1990	11	28	10
21/11/1990	3	1990	11	13	10
01/12/1990	1	1990	12	11	10
11/12/1990	0	1990	12	29	10
21/12/1990	4	1990	12	38	11
01/01/1991	4	1991	1	34	10
11/01/1991	4	1991	1	6	10
21/01/1991	0	1991	1	4	11
01/02/1991	30	1991	2	4	10
11/02/1991	139	1991	2	16	10
21/02/1991	0	1991	2	24	8
01/03/1991	0	1991	3	20	10
11/03/1991	7	1991	3	15	10
21/03/1991	4	1991	3	15	11
01/04/1991	1	1991	4	23	10
11/04/1991	1	1991	4	11	10
21/04/1991	1	1991	4	16	10
01/05/1991	0	1991	5	14	10
11/05/1991	0	1991	5	12	10
21/05/1991	0	1991	5	7	11
01/06/1991	1	1991	6	29	10
11/06/1991	0	1991	6	29	10
21/06/1991	1	1991	6	23	10
01/07/1991	0	1991	7	21	10
11/07/1991	0	1991	7	16	10
21/07/1991	0	1991	7	15	11
01/08/1991	3	1991	8	13	10
11/08/1991	2	1991	8	8	10
21/08/1991	0	1991	8	9	11
01/09/1991	0	1991	9	4	10
11/09/1991	0	1991	9	21	10
21/09/1991	0	1991	9	21	10
01/10/1991	1	1991	10	16	10
11/10/1991	0	1991	10	20	10
21/10/1991	1	1991	10	29	11
01/11/1991	2	1991	11	35	10
11/11/1991	0	1991	11	23	10
21/11/1991	2	1991	11	10	10
01/12/1991	0	1991	12	9	10
11/12/1991	5	1991	12	24	10
21/12/1991	0	1991	12	16	11
01/01/1992	2	1992	1	15	10
11/01/1992	1	1992	1	2	10
21/01/1992	0	1992	1	5	11
01/02/1992	6	1992	2	20	10
11/02/1992	13	1992	2	16	10
21/02/1992	12	1992	2	19	9
01/03/1992	11	1992	3	23	10
11/03/1992	13	1992	3	30	10
21/03/1992	4	1992	3	28	11
01/04/1992	0	1992	4	17	10
11/04/1992	0	1992	4	27	10
21/04/1992	0	1992	4	29	10
01/05/1992	0	1992	5	12	10
11/05/1992	0	1992	5	9	10
21/05/1992	0	1992	5	11	11
01/06/1992	0	1992	6	15	10
11/06/1992	1	1992	6	11	10
21/06/1992	0	1992	6	16	10
01/07/1992	0	1992	7	17	10
11/07/1992	0	1992	7	14	10
21/07/1992	0	1992	7	15	11
01/08/1992	0	1992	8	21	10
11/08/1992	0	1992	8	30	10
21/08/1992	1	1992	8	28	11
01/09/1992	1	1992	9	24	10
11/09/1992	1	1992	9	20	10
21/09/1992	0	1992	9	17	10
01/10/1992	0	1992	10	18	10
11/10/1992	0	1992	10	25	10
21/10/1992	0	1992	10	33	11
01/11/1992	0	1992	11	42	10
11/11/1992	0	1992	11	46	10
21/11/1992	1	1992	11	35	10
01/12/1992	0	1992	12	24	10
11/12/1992	0	1992	12	10	10
21/12/1992	0	1992	12	14	11
01/01/1993	3	1993	1	38	10
11/01/1993	10	1993	1	31	10
21/01/1993	0	1993	1	14	11
01/02/1993	2	1993	2	3	10
11/02/1993	4	1993	2	9	10
21/02/1993	0	1993	2	8	8
01/03/1993	1	1993	3	6	10
11/03/1993	5	1993	3	12	10
21/03/1993	0	1993	3	25	11
01/04/1993	2	1993	4	23	10
11/04/1993	1	1993	4	14	10
21/04/1993	0	1993	4	8	10
01/05/1993	0	1993	5	9	10
11/05/1993	0	1993	5	20	10
21/05/1993	0	1993	5	18	11
01/06/1993	0	1993	6	17	10
11/06/1993	0	1993	6	17	10
21/06/1993	0	1993	6	15	10
01/07/1993	0	1993	7	16	10
11/07/1993	0	1993	7	24	10
21/07/1993	0	1993	7	21	11
01/08/1993	0	1993	8	12	10
11/08/1993	0	1993	8	7	10
21/08/1993	0	1993	8	13	11
01/09/1993	0	1993	9	20	10
11/09/1993	0	1993	9	28	10
21/09/1993	0	1993	9	30	10
01/10/1993	0	1993	10	26	10
11/10/1993	1	1993	10	10	10
21/10/1993	0	1993	10	5	11
01/11/1993	0	1993	11	6	10
11/11/1993	0	1993	11	14	10
21/11/1993	0	1993	11	29	10
01/12/1993	0	1993	12	48	10
11/12/1993	0	1993	12	50	10
21/12/1993	2	1993	12	48	11
01/01/1994	0	1994	1	38	10
11/01/1994	0	1994	1	35	10
21/01/1994	1	1994	1	27	11
01/02/1994	1	1994	2	36	10
11/02/1994	0	1994	2	26	10
21/02/1994	6	1994	2	43	8
01/03/1994	1	1994	3	26	10
11/03/1994	0	1994	3	33	10
21/03/1994	1	1994	3	42	11
01/04/1994	3	1994	4	37	10
11/04/1994	0	1994	4	12	10
21/04/1994	6	1994	4	18	10
01/05/1994	2	1994	5	16	10
11/05/1994	2	1994	5	12	10
21/05/1994	0	1994	5	16	11
01/06/1994	0	1994	6	14	10
11/06/1994	0	1994	6	10	10
21/06/1994	0	1994	6	11	10
01/07/1994	0	1994	7	13	10
11/07/1994	0	1994	7	10	10
21/07/1994	1	1994	7	7	11
01/08/1994	0	1994	8	12	10
11/08/1994	0	1994	8	20	10
21/08/1994	1	1994	8	26	11
01/09/1994	0	1994	9	31	10
11/09/1994	1	1994	9	19	10
21/09/1994	1	1994	9	4	10
01/10/1994	0	1994	10	16	10
11/10/1994	0	1994	10	28	10
21/10/1994	0	1994	10	44	11
01/11/1994	0	1994	11	26	10
11/11/1994	0	1994	11	22	10
21/11/1994	0	1994	11	16	10
01/12/1994	0	1994	12	25	10
11/12/1994	0	1994	12	26	10
21/12/1994	0	1994	12	25	11
01/01/1995	0	1995	1	37	10
11/01/1995	0	1995	1	43	10
21/01/1995	0	1995	1	47	11
01/02/1995	0	1995	2	41	10
11/02/1995	7	1995	2	49	10
21/02/1995	0	1995	2	38	8
01/03/1995	1	1995	3	33	10
11/03/1995	0	1995	3	19	10
21/03/1995	0	1995	3	12	11
01/04/1995	1	1995	4	9	10
11/04/1995	0	1995	4	9	10
21/04/1995	0	1995	4	10	10
01/05/1995	0	1995	5	3	10
11/05/1995	0	1995	5	15	10
21/05/1995	0	1995	5	18	11
01/06/1995	0	1995	6	15	10
11/06/1995	0	1995	6	7	10
21/06/1995	0	1995	6	4	10
01/07/1995	0	1995	7	8	10
11/07/1995	0	1995	7	10	10
21/07/1995	0	1995	7	7	11
01/08/1995	0	1995	8	8	10
11/08/1995	0	1995	8	14	10
21/08/1995	1	1995	8	19	11
01/09/1995	0	1995	9	22	10
11/09/1995	0	1995	9	17	10
21/09/1995	0	1995	9	19	10
01/10/1995	0	1995	10	19	10
11/10/1995	0	1995	10	12	10
21/10/1995	0	1995	10	13	11
01/11/1995	0	1995	11	8	10
11/11/1995	0	1995	11	23	10
21/11/1995	1	1995	11	16	10
01/12/1995	1	1995	12	8	10
11/12/1995	0	1995	12	9	10
21/12/1995	0	1995	12	37	11
01/01/1996	9	1996	1	31	10
11/01/1996	8	1996	1	17	10
21/01/1996	0	1996	1	7	11
01/02/1996	2	1996	2	29	10
11/02/1996	1	1996	2	21	10
21/02/1996	1	1996	2	9	9
01/03/1996	0	1996	3	8	10
11/03/1996	2	1996	3	11	10
21/03/1996	2	1996	3	5	11
01/04/1996	2	1996	4	6	10
11/04/1996	0	1996	4	13	10
21/04/1996	0	1996	4	13	10
01/05/1996	0	1996	5	8	10
11/05/1996	0	1996	5	12	10
21/05/1996	0	1996	5	18	11
01/06/1996	0	1996	6	6	10
11/06/1996	0	1996	6	11	10
21/06/1996	0	1996	6	17	10
01/07/1996	0	1996	7	18	10
11/07/1996	0	1996	7	8	10
21/07/1996	0	1996	7	12	11
01/08/1996	1	1996	8	9	10
11/08/1996	1	1996	8	18	10
21/08/1996	1	1996	8	16	11
01/09/1996	0	1996	9	4	10
11/09/1996	0	1996	9	11	10
21/09/1996	0	1996	9	20	10
01/10/1996	0	1996	10	21	10
11/10/1996	0	1996	10	26	10
21/10/1996	0	1996	10	28	11
01/11/1996	0	1996	11	27	10
11/11/1996	0	1996	11	23	10
21/11/1996	0	1996	11	23	10
01/12/1996	0	1996	12	9	10
11/12/1996	0	1996	12	2	10
21/12/1996	0	1996	12	1	11
01/01/1997	0	1997	1	4	10
11/01/1997	7	1997	1	11	10
21/01/1997	1	1997	1	14	11
01/02/1997	2	1997	2	34	10
11/02/1997	208	1997	2	37	10
21/02/1997	122	1997	2	21	8
01/03/1997	32	1997	3	14	10
11/03/1997	6	1997	3	15	10
21/03/1997	1	1997	3	12	11
01/04/1997	0	1997	4	4	10
11/04/1997	1	1997	4	2	10
21/04/1997	0	1997	4	21	10
01/05/1997	0	1997	5	20	10
11/05/1997	0	1997	5	12	10
21/05/1997	0	1997	5	6	11
01/06/1997	0	1997	6	17	10
11/06/1997	0	1997	6	30	10
21/06/1997	0	1997	6	25	10
01/07/1997	0	1997	7	12	10
11/07/1997	0	1997	7	12	10
21/07/1997	0	1997	7	11	11
01/08/1997	1	1997	8	6	10
11/08/1997	0	1997	8	18	10
21/08/1997	2	1997	8	17	11
01/09/1997	0	1997	9	9	10
11/09/1997	3	1997	9	7	10
21/09/1997	0	1997	9	10	10
01/10/1997	0	1997	10	19	10
11/10/1997	1	1997	10	11	10
21/10/1997	0	1997	10	8	11
01/11/1997	2	1997	11	30	10
11/11/1997	0	1997	11	30	10
21/11/1997	1	1997	11	22	10
01/12/1997	0	1997	12	20	10
11/12/1997	1	1997	12	29	10
21/12/1997	0	1997	12	38	11
01/01/1998	0	1998	1	43	10
11/01/1998	0	1998	1	20	10
21/01/1998	0	1998	1	3	11
01/02/1998	0	1998	2	9	10
11/02/1998	0	1998	2	19	10
21/02/1998	6	1998	2	26	8
01/03/1998	4	1998	3	28	10
11/03/1998	7	1998	3	9	10
21/03/1998	1	1998	3	25	11
01/04/1998	5	1998	4	40	10
11/04/1998	4	1998	4	22	10
21/04/1998	1	1998	4	16	10
01/05/1998	0	1998	5	8	10
11/05/1998	1	1998	5	7	10
21/05/1998	1	1998	5	19	11
01/06/1998	2	1998	6	25	10
11/06/1998	0	1998	6	20	10
21/06/1998	0	1998	6	23	10
01/07/1998	0	1998	7	15	10
11/07/1998	0	1998	7	27	10
21/07/1998	2	1998	7	19	11
01/08/1998	0	1998	8	13	10
11/08/1998	0	1998	8	19	10
21/08/1998	0	1998	8	25	11
01/09/1998	1	1998	9	29	10
11/09/1998	1	1998	9	17	10
21/09/1998	0	1998	9	13	10
01/10/1998	0	1998	10	15	10
11/10/1998	0	1998	10	39	10
21/10/1998	1	1998	10	39	11
01/11/1998	0	1998	11	24	10
11/11/1998	0	1998	11	15	10
21/11/1998	0	1998	11	14	10
01/12/1998	0	1998	12	14	10
11/12/1998	0	1998	12	31	10
21/12/1998	1	1998	12	31	11
01/01/1999	2	1999	1	31	10
11/01/1999	1	1999	1	24	10
21/01/1999	2	1999	1	19	11
01/02/1999	10	1999	2	35	10
11/02/1999	32	1999	2	34	10
21/02/1999	49	1999	2	31	8
01/03/1999	118	1999	3	21	10
11/03/1999	50	1999	3	7	10
21/03/1999	3	1999	3	46	11
01/04/1999	1	1999	4	32	10
11/04/1999	5	1999	4	26	10
21/04/1999	4	1999	4	12	10
01/05/1999	0	1999	5	15	10
11/05/1999	2	1999	5	13	10
21/05/1999	0	1999	5	16	11
01/06/1999	0	1999	6	22	10
11/06/1999	0	1999	6	12	10
21/06/1999	1	1999	6	17	10
01/07/1999	0	1999	7	14	10
11/07/1999	0	1999	7	15	10
21/07/1999	1	1999	7	12	11
01/08/1999	0	1999	8	16	10
11/08/1999	0	1999	8	14	10
21/08/1999	1	1999	8	29	11
01/09/1999	0	1999	9	21	10
11/09/1999	0	1999	9	34	10
21/09/1999	0	1999	9	31	10
01/10/1999	0	1999	10	18	10
11/10/1999	0	1999	10	14	10
21/10/1999	0	1999	10	25	11
01/11/1999	0	1999	11	15	10
11/11/1999	0	1999	11	12	10
21/11/1999	0	1999	11	34	10
01/12/1999	0	1999	12	34	10
11/12/1999	3	1999	12	40	10
21/12/1999	3	1999	12	37	11
01/01/2000	0	2000	1	13	10
11/01/2000	0	2000	1	3	10
21/01/2000	0	2000	1	20	11
01/02/2000	37	2000	2	35	10
11/02/2000	264	2000	2	29	10
21/02/2000	83	2000	2	22	9
01/03/2000	15	2000	3	13	10
11/03/2000	21	2000	3	8	10
21/03/2000	14	2000	3	15	11
01/04/2000	1	2000	4	12	10
11/04/2000	4	2000	4	28	10
21/04/2000	0	2000	4	13	10
01/05/2000	1	2000	5	5	10
11/05/2000	0	2000	5	23	10
21/05/2000	0	2000	5	26	11
01/06/2000	1	2000	6	13	10
11/06/2000	0	2000	6	11	10
21/06/2000	0	2000	6	20	10
01/07/2000	0	2000	7	21	10
11/07/2000	1	2000	7	14	10
21/07/2000	0	2000	7	13	11
01/08/2000	1	2000	8	13	10
11/08/2000	0	2000	8	12	10
21/08/2000	1	2000	8	11	11
01/09/2000	0	2000	9	18	10
11/09/2000	0	2000	9	29	10
21/09/2000	1	2000	9	33	10
01/10/2000	0	2000	10	31	10
11/10/2000	0	2000	10	31	10
21/10/2000	0	2000	10	42	11
01/11/2000	0	2000	11	44	10
11/11/2000	1	2000	11	44	10
21/11/2000	1	2000	11	49	10
01/12/2000	3	2000	12	39	10
11/12/2000	9	2000	12	33	10
21/12/2000	1	2000	12	20	11
01/01/2001	6	2001	1	35	10
11/01/2001	2	2001	1	23	10
21/01/2001	41	2001	1	23	11
01/02/2001	6	2001	2	20	10
11/02/2001	2	2001	2	9	10
21/02/2001	2	2001	2	20	8
01/03/2001	6	2001	3	32	10
11/03/2001	104	2001	3	40	10
21/03/2001	59	2001	3	37	11
01/04/2001	32	2001	4	31	10
11/04/2001	4	2001	4	19	10
21/04/2001	4	2001	4	22	10
01/05/2001	5	2001	5	8	10
11/05/2001	1	2001	5	12	10
21/05/2001	0	2001	5	10	11
01/06/2001	1	2001	6	14	10
11/06/2001	0	2001	6	13	10
21/06/2001	1	2001	6	20	10
01/07/2001	0	2001	7	22	10
11/07/2001	0	2001	7	23	10
21/07/2001	0	2001	7	17	11
01/08/2001	0	2001	8	17	10
11/08/2001	1	2001	8	14	10
21/08/2001	1	2001	8	15	11
01/09/2001	0	2001	9	15	10
11/09/2001	0	2001	9	15	10
21/09/2001	0	2001	9	24	10
01/10/2001	3	2001	10	34	10
11/10/2001	1	2001	10	21	10
21/10/2001	0	2001	10	23	11
01/11/2001	0	2001	11	13	10
11/11/2001	16	2001	11	10	10
21/11/2001	1	2001	11	17	10
01/12/2001	2	2001	12	7	10
11/12/2001	0	2001	12	4	10
21/12/2001	0	2001	12	15	11
01/01/2002	1	2002	1	23	10
11/01/2002	16	2002	1	35	10
21/01/2002	305	2002	1	41	11
01/02/2002	39	2002	2	42	10
11/02/2002	6	2002	2	26	10
21/02/2002	2	2002	2	27	8
01/03/2002	7	2002	3	19	10
11/03/2002	6	2002	3	17	10
21/03/2002	2	2002	3	5	11
01/04/2002	12	2002	4	7	10
11/04/2002	0	2002	4	15	10
21/04/2002	2	2002	4	25	10
01/05/2002	2	2002	5	24	10
11/05/2002	6	2002	5	30	10
21/05/2002	1	2002	5	33	11
01/06/2002	0	2002	6	19	10
11/06/2002	1	2002	6	20	10
21/06/2002	1	2002	6	20	10
01/07/2002	1	2002	7	26	10
11/07/2002	1	2002	7	16	10
21/07/2002	0	2002	7	19	11
01/08/2002	0	2002	8	17	10
11/08/2002	0	2002	8	13	10
21/08/2002	1	2002	8	10	11
01/09/2002	1	2002	9	5	10
11/09/2002	0	2002	9	2	10
21/09/2002	0	2002	9	4	10
01/10/2002	0	2002	10	21	10
11/10/2002	0	2002	10	32	10
21/10/2002	0	2002	10	37	11
01/11/2002	0	2002	11	44	10
11/11/2002	0	2002	11	41	10
21/11/2002	0	2002	11	32	10
01/12/2002	4	2002	12	18	10
11/12/2002	0	2002	12	33	10
21/12/2002	3	2002	12	32	11
01/01/2003	33	2003	1	15	10
11/01/2003	20	2003	1	29	10
21/01/2003	58	2003	1	30	11
01/02/2003	34	2003	2	19	10
11/02/2003	2	2003	2	10	10
21/02/2003	15	2003	2	19	8
01/03/2003	27	2003	3	18	10
11/03/2003	21	2003	3	3	10
21/03/2003	0	2003	3	3	11
01/04/2003	2	2003	4	9	10
11/04/2003	13	2003	4	23	10
21/04/2003	1	2003	4	22	10
01/05/2003	3	2003	5	25	10
11/05/2003	2	2003	5	23	10
21/05/2003	0	2003	5	18	11
01/06/2003	0	2003	6	17	10
11/06/2003	0	2003	6	16	10
21/06/2003	0	2003	6	12	10
01/07/2003	0	2003	7	16	10
11/07/2003	0	2003	7	18	10
21/07/2003	0	2003	7	18	11
01/08/2003	0	2003	8	7	10
11/08/2003	0	2003	8	9	10
21/08/2003	2	2003	8	8	11
01/09/2003	0	2003	9	9	10
11/09/2003	2	2003	9	8	10
21/09/2003	0	2003	9	13	10
01/10/2003	0	2003	10	11	10
11/10/2003	0	2003	10	5	10
21/10/2003	0	2003	10	19	11
01/11/2003	1	2003	11	16	10
11/11/2003	0	2003	11	18	10
21/11/2003	3	2003	11	16	10
01/12/2003	2	2003	12	7	10
11/12/2003	14	2003	12	25	10
21/12/2003	2	2003	12	33	11
01/01/2004	12	2004	1	36	10
11/01/2004	16	2004	1	38	10
21/01/2004	24	2004	1	23	11
01/02/2004	75	2004	2	17	10
11/02/2004	7	2004	2	4	10
21/02/2004	1	2004	2	5	9
01/03/2004	2	2004	3	21	10
11/03/2004	28	2004	3	20	10
21/03/2004	37	2004	3	15	11
01/04/2004	19	2004	4	21	10
11/04/2004	0	2004	4	20	10
21/04/2004	2	2004	4	19	10
01/05/2004	4	2004	5	20	10
11/05/2004	1	2004	5	6	10
21/05/2004	0	2004	5	7	11
01/06/2004	0	2004	6	13	10
11/06/2004	0	2004	6	20	10
21/06/2004	0	2004	6	27	10
01/07/2004	0	2004	7	19	10
11/07/2004	0	2004	7	17	10
21/07/2004	0	2004	7	12	11
01/08/2004	0	2004	8	23	10
11/08/2004	2	2004	8	25	10
21/08/2004	3	2004	8	21	11
01/09/2004	0	2004	9	14	10
11/09/2004	0	2004	9	25	10
21/09/2004	0	2004	9	24	10
01/10/2004	0	2004	10	29	10
11/10/2004	1	2004	10	35	10
21/10/2004	0	2004	10	23	11
01/11/2004	0	2004	11	11	10
11/11/2004	0	2004	11	12	10
21/11/2004	1	2004	11	9	10
01/12/2004	0	2004	12	17	10
11/12/2004	17	2004	12	24	10
21/12/2004	1	2004	12	30	11
01/01/2005	4	2005	1	30	10
11/01/2005	13	2005	1	24	10
21/01/2005	7	2005	1	13	11
01/02/2005	0	2005	2	18	10
11/02/2005	7	2005	2	20	10
21/02/2005	10	2005	2	9	8
01/03/2005	5	2005	3	10	10
11/03/2005	7	2005	3	14	10
21/03/2005	21	2005	3	15	11
01/04/2005	12	2005	4	21	10
11/04/2005	1	2005	4	22	10
21/04/2005	36	2005	4	16	10
01/05/2005	4	2005	5	17	10
11/05/2005	0	2005	5	17	10
21/05/2005	1	2005	5	15	11
01/06/2005	1	2005	6	10	10
11/06/2005	0	2005	6	13	10
21/06/2005	0	2005	6	18	10
01/07/2005	0	2005	7	17	10
11/07/2005	0	2005	7	14	10
21/07/2005	0	2005	7	16	11
01/08/2005	0	2005	8	13	10
11/08/2005	0	2005	8	13	10
21/08/2005	2	2005	8	12	11
01/09/2005	0	2005	9	7	10
11/09/2005	1	2005	9	12	10
21/09/2005	0	2005	9	14	10
01/10/2005	1	2005	10	15	10
11/10/2005	0	2005	10	34	10
21/10/2005	0	2005	10	35	11
01/11/2005	1	2005	11	25	10
11/11/2005	0	2005	11	13	10
21/11/2005	2	2005	11	20	10
01/12/2005	1	2005	12	25	10
11/12/2005	1	2005	12	11	10
21/12/2005	4	2005	12	8	11
01/01/2006	0	2006	1	16	10
11/01/2006	38	2006	1	13	10
21/01/2006	4	2006	1	2	11
01/02/2006	1	2006	2	16	10
11/02/2006	52	2006	2	24	10
21/02/2006	72	2006	2	16	8
01/03/2006	60	2006	3	23	10
11/03/2006	64	2006	3	15	10
21/03/2006	6	2006	3	28	11
01/04/2006	13	2006	4	12	10
11/04/2006	4	2006	4	13	10
21/04/2006	5	2006	4	8	10
01/05/2006	1	2006	5	21	10
11/05/2006	0	2006	5	24	10
21/05/2006	0	2006	5	23	11
01/06/2006	0	2006	6	6	10
11/06/2006	0	2006	6	12	10
21/06/2006	0	2006	6	15	10
01/07/2006	0	2006	7	10	10
11/07/2006	1	2006	7	7	10
21/07/2006	0	2006	7	20	11
01/08/2006	0	2006	8	19	10
11/08/2006	0	2006	8	23	10
21/08/2006	1	2006	8	15	11
01/09/2006	0	2006	9	16	10
11/09/2006	0	2006	9	25	10
21/09/2006	0	2006	9	25	10
01/10/2006	0	2006	10	27	10
11/10/2006	0	2006	10	18	10
21/10/2006	1	2006	10	13	11
01/11/2006	0	2006	11	19	10
11/11/2006	0	2006	11	42	10
21/11/2006	2	2006	11	40	10
01/12/2006	1	2006	12	31	10
11/12/2006	2	2006	12	21	10
21/12/2006	0	2006	12	30	11
01/01/2007	5	2007	1	37	10
11/01/2007	6	2007	1	28	10
21/01/2007	5	2007	1	15	11
01/02/2007	3	2007	2	35	10
11/02/2007	41	2007	2	46	10
21/02/2007	10	2007	2	37	8
01/03/2007	6	2007	3	29	10
11/03/2007	0	2007	3	17	10
21/03/2007	2	2007	3	10	11
01/04/2007	0	2007	4	4	10
11/04/2007	2	2007	4	2	10
21/04/2007	0	2007	4	16	10
01/05/2007	1	2007	5	29	10
11/05/2007	0	2007	5	28	10
21/05/2007	1	2007	5	16	11
01/06/2007	0	2007	6	18	10
11/06/2007	0	2007	6	35	10
21/06/2007	3	2007	6	30	10
01/07/2007	0	2007	7	30	10
11/07/2007	3	2007	7	22	10
21/07/2007	1	2007	7	15	11
01/08/2007	0	2007	8	25	10
11/08/2007	1	2007	8	24	10
21/08/2007	2	2007	8	10	11
01/09/2007	0	2007	9	9	10
11/09/2007	0	2007	9	13	10
21/09/2007	0	2007	9	10	10
01/10/2007	1	2007	10	5	10
11/10/2007	0	2007	10	6	10
21/10/2007	0	2007	10	14	11
01/11/2007	0	2007	11	12	10
11/11/2007	2	2007	11	16	10
21/11/2007	0	2007	11	29	10
01/12/2007	1	2007	12	9	10
11/12/2007	1	2007	12	30	10
21/12/2007	0	2007	12	34	11
01/01/2008	3	2008	1	22	10
11/01/2008	12	2008	1	35	10
21/01/2008	11	2008	1	20	11
01/02/2008	4	2008	2	20	10
11/02/2008	1	2008	2	8	10
21/02/2008	0	2008	2	33	9
01/03/2008	7	2008	3	32	10
11/03/2008	97	2008	3	25	10
21/03/2008	4	2008	3	29	11
01/04/2008	2	2008	4	13	10
11/04/2008	2	2008	4	23	10
21/04/2008	2	2008	4	18	10
01/05/2008	0	2008	5	9	10
11/05/2008	2	2008	5	8	10
21/05/2008	2	2008	5	10	11
01/06/2008	17	2008	6	14	10
11/06/2008	0	2008	6	15	10
21/06/2008	0	2008	6	27	10
01/07/2008	1	2008	7	25	10
11/07/2008	1	2008	7	18	10
21/07/2008	1	2008	7	22	11
01/08/2008	0	2008	8	32	10
11/08/2008	3	2008	8	25	10
21/08/2008	1	2008	8	21	11
01/09/2008	1	2008	9	20	10
11/09/2008	0	2008	9	9	10
21/09/2008	0	2008	9	9	10
01/10/2008	1	2008	10	23	10
11/10/2008	0	2008	10	20	10
21/10/2008	0	2008	10	22	11
01/11/2008	1	2008	11	26	10
11/11/2008	0	2008	11	25	10
21/11/2008	1	2008	11	23	10
01/12/2008	1	2008	12	16	10
11/12/2008	1	2008	12	5	10
21/12/2008	0	2008	12	21	11
01/01/2009	1	2009	1	20	10
11/01/2009	9	2009	1	41	10
21/01/2009	117	2009	1	29	11
01/02/2009	11	2009	2	14	10
11/02/2009	7	2009	2	9	10
21/02/2009	0	2009	2	18	8
01/03/2009	1	2009	3	22	10
11/03/2009	5	2009	3	9	10
21/03/2009	4	2009	3	15	11
01/04/2009	0	2009	4	13	10
11/04/2009	1	2009	4	20	10
21/04/2009	5	2009	4	26	10
01/05/2009	2	2009	5	19	10
11/05/2009	0	2009	5	18	10
21/05/2009	0	2009	5	8	11
01/06/2009	0	2009	6	10	10
11/06/2009	1	2009	6	11	10
21/06/2009	1	2009	6	11	10
01/07/2009	0	2009	7	27	10
11/07/2009	2	2009	7	27	10
21/07/2009	1	2009	7	18	11
01/08/2009	0	2009	8	13	10
11/08/2009	0	2009	8	18	10
21/08/2009	0	2009	8	18	11
01/09/2009	0	2009	9	17	10
11/09/2009	1	2009	9	5	10
21/09/2009	0	2009	9	11	10
01/10/2009	0	2009	10	13	10
11/10/2009	0	2009	10	17	10
21/10/2009	0	2009	10	33	11
01/11/2009	1	2009	11	41	10
11/11/2009	2	2009	11	43	10
21/11/2009	2	2009	11	36	10
01/12/2009	1	2009	12	21	10
11/12/2009	0	2009	12	7	10
21/12/2009	2	2009	12	16	10
